CLA-L02-CAV:
  field_amplitude: 31786650.151788037
  phase: -12.514118596278676
CLA-L03-CAV:
  field_amplitude: 20784044.686557
  phase: -10.456088294572664
CLA-L04-CAV-01:
  field_amplitude: 74394088.80634183
  phase: 8.583876355369394
CLA-L04-CAV-02:
  field_amplitude: 63708462.779074214
  phase: 1.6387225396284117
CLA-L04-CAV-03:
  field_amplitude: 80749309.66009822
  phase: -17.748188131442404
CLA-L04-CAV-04:
  field_amplitude: 79224954.76899101
  phase: 15.745008479420795
CLA-L4H-CAV:
  field_amplitude: 21655966.455881815
  phase: 191.24960372259807
CLA-S07-DCP-01:
  factor: 1.0806695168435356
bunch_compressor:
  angle: 0.136560721397082
