CLA-L02-CAV:
  field_amplitude: 34683846.78703444
  phase: -21.30234369867986
CLA-L03-CAV:
  field_amplitude: 26603200.328846745
  phase: -5.662437116724369
CLA-L04-CAV-01:
  field_amplitude: 76561975.1082041
  phase: 6.45421487467537
CLA-L04-CAV-02:
  field_amplitude: 75083385.5522004
  phase: 9.314528667429999
CLA-L04-CAV-03:
  field_amplitude: 74875220.83518527
  phase: -1.1468633379505417
CLA-L04-CAV-04:
  field_amplitude: 71432056.23086612
  phase: 8.370912218154075
CLA-L4H-CAV:
  field_amplitude: 25623635.711983
  phase: 186.96176342741128
CLA-S07-DCP-01:
  factor: 0.9377183231546763
bunch_compressor:
  angle: 0.1292360472306697
