CLA-L02-CAV:
  field_amplitude: 31767219.992418278
  phase: -12.527748695417756
CLA-L03-CAV:
  field_amplitude: 20785506.108341627
  phase: -10.447204838354278
CLA-L04-CAV-01:
  field_amplitude: 75914894.1012299
  phase: 8.760540166908672
CLA-L04-CAV-02:
  field_amplitude: 68373143.22778738
  phase: 4.313509000438111
CLA-L04-CAV-03:
  field_amplitude: 75960325.08219329
  phase: -17.64938041576027
CLA-L04-CAV-04:
  field_amplitude: 75305651.0407249
  phase: 15.815273460615312
CLA-L4H-CAV:
  field_amplitude: 21647929.67503519
  phase: 191.2552922243999
CLA-S07-DCP-01:
  factor: 1.0860658401058039
bunch_compressor:
  angle: 0.1365890652996534
