CLA-L02-CAV:
  field_amplitude: 29296371.954950977
  phase: -14.664971564888855
CLA-L03-CAV:
  field_amplitude: 18865485.93547681
  phase: -19.346397580295914
CLA-L04-CAV:
  field_amplitude: 31979491.00142487
  phase: 0.5744484899157232
CLA-L4H-CAV:
  field_amplitude: 48151532.87815372
  phase: 184.01241350626682
CLA-S07-DCP-01:
  factor: 0.9377756192088171
bunch_compressor:
  angle: 0.13860222025051797
