CLA-L02-CAV:
  field_amplitude: 31767447.75333461
  phase: -19.95702442797858
CLA-L03-CAV:
  field_amplitude: 25201267.410223283
  phase: -1.703879759378149
CLA-L04-CAV:
  field_amplitude: 32081921.307628
  phase: 52.953488724679666
CLA-L4H-CAV:
  field_amplitude: 28557547.369066752
  phase: 192.15480158520177
CLA-S07-DCP-01:
  factor: 0.6839552211139373
FODO_D:
  k1l: -1.0738739403950057
FODO_F:
  k1l: 1.5569621528788584
bunch_compressor:
  angle: 0.13006309286697015
