CLA-L02-CAV:
  field_amplitude: 30839182.94161458
  phase: -20.07928345835894
CLA-L03-CAV:
  field_amplitude: 29316672.225359872
  phase: -1.9120966019550438
CLA-L04-CAV:
  field_amplitude: 30882997.323641725
  phase: 52.84343459901367
CLA-L4H-CAV:
  field_amplitude: 28467337.80058651
  phase: 191.77167019440884
CLA-S07-DCP-01:
  factor: 0.6783682691291893
FODO_D:
  k1l: -0.9455536718550274
FODO_F:
  k1l: 1.595019334556587
bunch_compressor:
  angle: 0.12842300126661796
