CLA-L02-CAV:
  field_amplitude: 33824138.8628674
  phase: -22.107167288863266
CLA-L03-CAV:
  field_amplitude: 31282656.13112495
  phase: -3.5831501289771523
CLA-L04-CAV:
  field_amplitude: 32976299.55334805
  phase: 51.63436472368119
CLA-L4H-CAV:
  field_amplitude: 28521050.794632223
  phase: 192.4854391696023
CLA-S07-DCP-01:
  factor: 0.644014212920822
FODO_D:
  k1l: -1.0437588895561851
FODO_F:
  k1l: 1.539870245536176
bunch_compressor:
  angle: 0.12719159207251934
