CLA-L02-CAV:
  field_amplitude: 33855946.66424171
  phase: -22.43116441558625
CLA-L03-CAV:
  field_amplitude: 31752974.61298495
  phase: -3.6881720368003985
CLA-L04-CAV:
  field_amplitude: 32978142.964843735
  phase: 51.33680805414654
CLA-L4H-CAV:
  field_amplitude: 28317532.503767073
  phase: 192.4324203752911
CLA-S07-DCP-01:
  factor: 0.6333389103135202
FODO_D:
  k1l: -1.056341278165194
FODO_F:
  k1l: 1.5256549736730602
bunch_compressor:
  angle: 0.12647657713124252
