CLA-L02-CAV:
  field_amplitude: 31767227.752794236
  phase: -12.527763587520795
CLA-L03-CAV:
  field_amplitude: 20785511.529867552
  phase: -10.447203106329898
CLA-L04-CAV-01:
  field_amplitude: 75916159.21709068
  phase: 8.760374340467894
CLA-L04-CAV-02:
  field_amplitude: 68373866.76110005
  phase: 4.313218353528313
CLA-L04-CAV-03:
  field_amplitude: 75960746.94534007
  phase: -17.64884744937222
CLA-L04-CAV-04:
  field_amplitude: 75306271.16090429
  phase: 15.814974034596407
CLA-L4H-CAV:
  field_amplitude: 21647957.778714754
  phase: 191.2553269384614
CLA-S07-DCP-01:
  factor: 1.0860388780949466
bunch_compressor:
  angle: 0.13658895977296492
