CLA-L02-CAV:
  field_amplitude: 31958487.88500195
  phase: -12.274243800849177
CLA-L03-CAV:
  field_amplitude: 20487277.60920775
  phase: -10.592239353764938
CLA-L04-CAV-01:
  field_amplitude: 76060062.8346041
  phase: 8.746310045828665
CLA-L04-CAV-02:
  field_amplitude: 68654611.69085671
  phase: 4.488224474274281
CLA-L04-CAV-03:
  field_amplitude: 75750851.95486993
  phase: -17.372495157134633
CLA-L04-CAV-04:
  field_amplitude: 79336411.6362236
  phase: 15.5864446583605
CLA-L4H-CAV:
  field_amplitude: 21652083.46411152
  phase: 191.39266631783659
CLA-S07-DCP-01:
  factor: 1.091951901482101
bunch_compressor:
  angle: 0.13640095503315705
