CLA-L02-CAV:
  field_amplitude: 31927625.365447238
  phase: -12.890006365676232
CLA-L03-CAV:
  field_amplitude: 28007991.796108644
  phase: -6.926881114325617
CLA-L04-CAV-01:
  field_amplitude: 74394088.80634183
  phase: 9.308199216328756
CLA-L04-CAV-02:
  field_amplitude: 71772802.23277432
  phase: 7.270979802626563
CLA-L04-CAV-03:
  field_amplitude: 79487405.19541962
  phase: -17.263170100708912
CLA-L04-CAV-04:
  field_amplitude: 75151506.47367436
  phase: 11.098310635484125
CLA-L4H-CAV:
  field_amplitude: 22782560.922178283
  phase: 192.0119241431882
CLA-S07-DCP-01:
  factor: 1.071346634432694
bunch_compressor:
  angle: 0.14095843467131736
